5.328267192599509144e+03
5.344774497545481609e+03
5.376856499973598147e+03
5.405952616457030672e+03
5.425633261139907518e+03
5.457662281335494299e+03
5.476008615202698820e+03
5.487553225746753924e+03
5.494237847908822005e+03
5.496096374988613206e+03
5.497122243760280071e+03
5.509628023185569873e+03
5.532957854848180432e+03
5.556942778645727230e+03
5.591139135659650492e+03
5.615432460593978249e+03
5.642782648927453010e+03
5.644580438751768270e+03
5.654198452403502415e+03
5.659695034335884884e+03
5.659826889973500329e+03
5.660528527358222163e+03
5.298109610979652643e+03
5.314879469935091038e+03
5.327353260810598840e+03
5.365064492447601879e+03
5.400065006061106942e+03
5.415669127782543001e+03
5.443043859311736924e+03
5.477487933797146070e+03
5.485947890241099230e+03
5.486547607513200091e+03
5.491579604464031036e+03
5.503096257939577299e+03
5.525275118615239990e+03
5.547421446001773802e+03
5.580269105308856524e+03
5.599765870144915425e+03
5.624355442650222358e+03
5.641096513131967185e+03
5.654657177421132474e+03
5.655398341175584392e+03
5.662241480585028512e+03
5.662494465130788740e+03
5.261845922063485887e+03
5.276838560234567922e+03
5.301285122285842590e+03
5.318848282807726719e+03
5.348015377131171590e+03
5.384264640880036495e+03
5.415118113414677282e+03
5.443578766651373371e+03
5.469360975610881724e+03
5.473237783096506973e+03
5.477542123733725020e+03
5.487548377488289589e+03
5.507446406448472771e+03
5.518931911837042207e+03
5.535721709497647680e+03
5.563783119239989901e+03
5.592499618344637383e+03
5.627566076278896617e+03
5.632597851763691324e+03
5.651084913753218643e+03
5.659217640226259391e+03
5.660258955659528510e+03
5.249906876002897661e+03
5.260972938112104202e+03
5.275387130599194279e+03
5.299350968446559818e+03
5.329434945058146695e+03
5.366539395498525664e+03
5.387171047054092924e+03
5.393603980415199658e+03
5.421916298536393697e+03
5.429114780339215940e+03
5.432971425924340110e+03
5.438814371442636912e+03
5.455910374700180910e+03
5.455953652855235305e+03
5.483216853599955357e+03
5.519012847320552282e+03
5.551252595025375740e+03
5.552999817258550138e+03
5.616048070638565150e+03
5.637861726726689085e+03
5.648695659339157828e+03
5.651691345916002319e+03
5.236083088842395227e+03
5.245117243225102357e+03
5.256036491766249128e+03
5.277155913174142370e+03
5.318876088957877982e+03
5.356030535984458766e+03
5.375652467670675833e+03
5.384128663790951578e+03
5.389958784460205607e+03
5.391080038478481583e+03
5.393972868177321288e+03
5.398032170805287024e+03
5.404836156418405153e+03
5.413174166271788636e+03
5.446274926693561611e+03
5.469524962754228909e+03
5.478978124862042932e+03
5.510016048106334893e+03
5.560548501576778108e+03
5.614795568950526103e+03
5.628556250064082633e+03
5.633947340983513641e+03
5.220061254267608092e+03
5.228787510460402700e+03
5.239583833122235774e+03
5.262370609372298532e+03
5.311269235794695305e+03
5.350975822518551468e+03
5.371857653793390455e+03
5.378813143518755169e+03
5.379970838672918035e+03
5.386480187163156188e+03
5.391585663984958956e+03
5.387864462451559120e+03
5.392219961812688780e+03
5.398623339075506010e+03
5.412634726867771860e+03
5.439992465375686152e+03
5.442775354017826430e+03
5.471675037753259858e+03
5.527558657953575675e+03
5.570727001458752056e+03
5.600573825187038892e+03
5.618403911040435560e+03
5.196491205083956629e+03
5.218679835434812958e+03
5.230633708549536095e+03
5.262190646169427055e+03
5.304223810899410637e+03
5.344631802688917560e+03
5.373280406863821554e+03
5.389249691060929763e+03
5.389720485331958116e+03
5.396247943753224718e+03
5.400618072362115527e+03
5.398324770708361939e+03
5.405355628652293490e+03
5.411144021664654247e+03
5.418029830983663487e+03
5.431856598669240157e+03
5.428316418017419892e+03
5.454258887521414181e+03
5.482788474816185953e+03
5.574857345444446764e+03
5.590547133649032730e+03
5.597926242960284981e+03
5.197324590309830455e+03
5.209502827323359270e+03
5.230678469170961762e+03
5.264080576745614053e+03
5.308122404231807195e+03
5.352659826295857783e+03
5.379022178500209520e+03
5.397861672808478943e+03
5.406924490976402922e+03
5.414503748188242753e+03
5.419415005787598602e+03
5.422765272055834430e+03
5.426595848125382872e+03
5.428390645092743398e+03
5.427365720440689984e+03
5.433114066453467785e+03
5.427139505639490380e+03
5.446045066894915180e+03
5.495356826631423246e+03
5.566021646522197443e+03
5.580860046642605084e+03
5.587874787549334542e+03
5.196601844945851553e+03
5.211747410636184213e+03
5.240687356020995139e+03
5.276905568930352274e+03
5.316279015533344136e+03
5.361202897508907881e+03
5.389914697122956568e+03
5.407766056602484241e+03
5.423059072618875689e+03
5.431558926531600264e+03
5.436800370148858747e+03
5.440535250309251751e+03
5.440343826133399489e+03
5.438540627533225233e+03
5.429160297041044942e+03
5.430163040721933612e+03
5.427313349038249726e+03
5.427826402713074458e+03
5.496568025626521376e+03
5.557773717475838566e+03
5.572545026931740722e+03
5.580132709456063822e+03
5.208728596684335571e+03
5.229615955266476703e+03
5.264431339255122111e+03
5.301183290144227612e+03
5.337239566723807002e+03
5.368810603763412473e+03
5.395182978881149211e+03
5.424066916228868649e+03
5.445889317348505756e+03
5.455562622921289403e+03
5.453773367923340629e+03
5.455903013505179842e+03
5.452396300110755874e+03
5.434982169016101579e+03
5.425051593359468825e+03
5.427322698420295637e+03
5.415712373004115761e+03
5.417787326972799747e+03
5.454183268485022381e+03
5.523505912376799643e+03
5.539515688045747083e+03
5.551524963499331534e+03
5.213773049431672007e+03
5.234610210716885376e+03
5.266754213815908770e+03
5.304150893022600940e+03
5.342975965696502499e+03
5.377576829942858240e+03
5.411457055473698347e+03
5.445566577257222889e+03
5.472996392612482850e+03
5.481919245629433135e+03
5.474171985904164103e+03
5.470338639379482629e+03
5.464495676169705803e+03
5.436151271044768691e+03
5.429424676395759889e+03
5.428039247715640158e+03
5.410024994015435368e+03
5.408043806085903270e+03
5.451981148692290844e+03
5.490118093847712771e+03
5.524371280644768376e+03
5.542566373266559822e+03
5.219216457379836356e+03
5.239656712549976874e+03
5.268767727497559463e+03
5.308822306831004425e+03
5.354895941751766259e+03
5.398623551781526658e+03
5.434562811048424010e+03
5.477507752143646940e+03
5.501683408070869518e+03
5.509289219293455972e+03
5.500859359637634952e+03
5.488914593177911229e+03
5.483295706027832239e+03
5.472090972693927142e+03
5.456117988095829787e+03
5.448306915029716947e+03
5.399338951649331648e+03
5.407019439522182438e+03
5.467411974411144001e+03
5.496045305591793294e+03
5.523532230155413345e+03
5.553466136409765568e+03
5.222157095868483339e+03
5.245530669704606225e+03
5.278125772178182160e+03
5.327586105474591022e+03
5.385878831018175333e+03
5.430597263739942719e+03
5.464963862048787632e+03
5.495575685285579311e+03
5.524182276693353742e+03
5.532193083196422776e+03
5.534261991129390481e+03
5.523976760249563995e+03
5.516047941599168553e+03
5.508161611885236198e+03
5.502403924233330144e+03
5.479026748185870929e+03
5.443092925793542236e+03
5.429363507314545132e+03
5.458770322437636423e+03
5.514436976057650099e+03
5.553365010535798319e+03
5.620746018256209027e+03
5.165385224632535028e+03
5.206786454633118410e+03
5.299980120272790373e+03
5.363943562905610634e+03
5.424696750219918613e+03
5.458942477669685104e+03
5.485125676263334753e+03
5.507736342557609532e+03
5.533749774937366965e+03
5.558955471999238398e+03
5.564886496738942697e+03
5.556956270782515276e+03
5.552023277807358681e+03
5.556179727490427467e+03
5.555369426115613351e+03
5.531241948427016723e+03
5.494841024037556053e+03
5.472522206949229258e+03
5.500857723841929328e+03
5.559193843238326735e+03
5.634552956089572945e+03
5.662660563672599892e+03
5.136018162670792663e+03
5.191627472072836099e+03
5.326703543735862695e+03
5.397624290333136742e+03
5.449081785922452582e+03
5.475279870765180021e+03
5.498498466325723712e+03
5.522499103917804860e+03
5.555127342271965063e+03
5.585694625227018150e+03
5.591116054011661618e+03
5.591529477938497621e+03
5.599007757767193652e+03
5.630950274207662915e+03
5.629990377076107507e+03
5.584528835493409133e+03
5.569902269139681266e+03
5.576366405793742160e+03
5.582565980346057586e+03
5.617802230891168620e+03
5.677064108957274584e+03
5.702588877974149000e+03
5.121186504702307502e+03
5.196522243083358262e+03
5.296183624426519600e+03
5.415286982356673434e+03
5.455931642968683263e+03
5.486349046175982949e+03
5.513444405321643899e+03
5.542348138142940115e+03
5.580708009700375442e+03
5.600951787918536866e+03
5.628377118838247043e+03
5.624418156677490515e+03
5.639341584832218359e+03
5.668837380600945835e+03
5.671596474401298110e+03
5.614078399832697869e+03
5.617178395837176140e+03
5.633109484806153887e+03
5.654255626681343529e+03
5.683980435193181620e+03
5.718649397525472523e+03
5.740622979518720058e+03
5.161806777784779115e+03
5.233278873569068310e+03
5.317677331214136757e+03
5.421490487855073297e+03
5.462052953901385990e+03
5.499140429674700499e+03
5.537552630771857366e+03
5.553700346638835072e+03
5.586554328344638634e+03
5.611328534393654081e+03
5.650468565854740518e+03
5.662999650101272891e+03
5.672353024776180064e+03
5.688576889002806638e+03
5.694331103529792017e+03
5.676796980605461613e+03
5.664060751989108212e+03
5.704366494732063074e+03
5.712164033506678606e+03
5.753910118975902151e+03
5.809980421893877974e+03
5.829865167961144834e+03
5.218299656723535008e+03
5.327383546937002393e+03
5.382343641612254942e+03
5.430996292308716875e+03
5.475475895252871851e+03
5.511736818694690555e+03
5.545485604051232258e+03
5.575586604117861498e+03
5.596995167740452416e+03
5.625957628418860622e+03
5.670728422884630163e+03
5.684629831446683056e+03
5.695333751072773339e+03
5.707465198648772457e+03
5.727032981221490445e+03
5.747455866569100181e+03
5.756305311980332590e+03
5.765752402790046290e+03
5.775746822320527826e+03
5.792875590049181483e+03
5.835079088836458141e+03
5.850245156406171191e+03
5.278190591621130807e+03
5.350782110971280417e+03
5.400493929732549987e+03
5.450935610439753873e+03
5.494795655265865207e+03
5.540319221812603246e+03
5.569057891625489901e+03
5.597525275346691160e+03
5.629072999745327252e+03
5.644162804035484442e+03
5.683401687432626204e+03
5.697762151345343227e+03
5.713302178204973643e+03
5.731935942854014684e+03
5.752768859423427784e+03
5.775578323346338948e+03
5.784691168424576972e+03
5.792046473526073896e+03
5.802336831631906534e+03
5.815289252762008800e+03
5.840404356054479649e+03
5.857643218114408228e+03
5.309049976095159764e+03
5.375203298579558577e+03
5.426435184441991623e+03
5.469166373742364158e+03
5.524142731372793605e+03
5.560167935755931467e+03
5.592795856154954890e+03
5.622712933634863475e+03
5.650342855278522620e+03
5.679118303134770031e+03
5.701320689067312742e+03
5.716863509203706599e+03
5.735517896581675814e+03
5.756355798647776282e+03
5.771206358322799133e+03
5.796628106891668722e+03
5.816935072437574490e+03
5.825955945257713211e+03
5.828923557344483925e+03
5.832954562863378669e+03
5.844424487298941131e+03
5.852906937313475282e+03
5.320075494189427445e+03
5.371104781389173695e+03
5.449807340280101016e+03
5.501854338246752377e+03
5.551405929324904719e+03
5.582076599343031376e+03
5.618587278168568446e+03
5.638905179231584043e+03
5.670819921697755490e+03
5.696378506762518555e+03
5.717066915278983288e+03
5.738816677884109595e+03
5.759834762452455834e+03
5.778301098513653415e+03
5.792667943590344294e+03
5.820840076044503803e+03
5.837362497262750367e+03
5.843167278391163563e+03
5.845132792946111294e+03
5.846781355702984001e+03
5.844818997278399365e+03
5.840998234928356396e+03
5.326377338783998312e+03
5.373985096001854799e+03
5.453603031797226322e+03
5.525667617341567166e+03
5.570905249243492108e+03
5.613559075398382447e+03
5.653773330612867539e+03
5.664593801884408094e+03
5.694777919805618694e+03
5.711570775550185317e+03
5.732802367235148267e+03
5.751830339633360381e+03
5.775923439063662954e+03
5.796296504009478667e+03
5.809741243626739561e+03
5.820085294924818299e+03
5.850628996516510597e+03
5.855494880285071304e+03
5.855971520164985122e+03
5.857362580696663827e+03
5.853848617744798503e+03
5.847752105352745275e+03
5.336306694726022215e+03
5.405955439161800314e+03
5.482731920568726309e+03
5.552977975926561157e+03
5.584740236270177775e+03
5.633751641751952775e+03
5.669253310261037768e+03
5.681282838948940480e+03
5.703327097055525883e+03
5.721745396186505786e+03
5.738274422071805930e+03
5.761115073340661183e+03
5.786269834390014694e+03
5.804558969856550902e+03
5.820996346585404353e+03
5.831668176727138416e+03
5.848538425500911217e+03
5.864601078078326282e+03
5.868178740211527838e+03
5.867774651328480104e+03
5.863729563443803272e+03
5.858132987054135810e+03
5.366044945338466277e+03
5.435870129311943856e+03
5.512848632644928330e+03
5.560473183597751813e+03
5.606964580366775408e+03
5.642143420406809128e+03
5.675654550933195424e+03
5.697313209875429493e+03
5.721344902260397248e+03
5.739936975768169759e+03
5.749059869704579796e+03
5.771343537266011481e+03
5.795412338473850468e+03
5.812234697889477502e+03
5.827097745051519269e+03
5.847003022130339559e+03
5.859427817888235040e+03
5.864302881338277984e+03
5.866406870619629444e+03
5.875477242910523273e+03
5.875789479236303123e+03
5.874361465708725518e+03
5.347217042772202149e+03
5.481272853658738313e+03
5.528350301703816513e+03
5.573249213566632534e+03
5.604370114599449153e+03
5.643011843603584566e+03
5.668763869694278583e+03
5.693460679641289062e+03
5.721933314942333709e+03
5.745213145268831795e+03
5.756939358033714598e+03
5.784347807152517817e+03
5.799659066990803694e+03
5.817141428149062449e+03
5.831866038489359198e+03
5.837591227502765832e+03
5.857397753317728530e+03
5.868977927324544908e+03
5.872576964746473095e+03
5.872027425003026110e+03
5.874138282565879308e+03
5.876266881884842405e+03
5.402484608582531109e+03
5.499680935021243386e+03
5.537507239413644129e+03
5.574038044914954298e+03
5.605633295811284370e+03
5.636305848718702691e+03
5.662882087069333465e+03
5.692788866550090461e+03
5.721410799212802885e+03
5.748914490534337347e+03
5.771902974481679848e+03
5.791309245276907859e+03
5.806820683375704903e+03
5.820574489946739959e+03
5.829790138346791537e+03
5.842245164943506097e+03
5.855296980739780338e+03
5.867966509593628871e+03
5.874528610932862648e+03
5.877495336975743157e+03
5.879846890289937619e+03
5.880807121827029732e+03
5.435322787326716934e+03
5.501044140218838038e+03
5.535836459592641404e+03
5.571127483116240001e+03
5.603053147364235883e+03
5.630848183855651769e+03
5.658297108145386119e+03
5.690408888265072164e+03
5.721532581410508101e+03
5.752290492304989129e+03
5.775814201922564280e+03
5.794364961607048826e+03
5.810172138822513261e+03
5.827123692126990136e+03
5.834270402717089382e+03
5.848246537035509391e+03
5.863834925616250985e+03
5.879096758940179825e+03
5.878835169940623018e+03
5.881579617335582043e+03
5.882649847157280419e+03
5.882706880923823519e+03
5.466349854382803642e+03
5.498940050539246840e+03
5.527043065884096904e+03
5.559673771358723570e+03
5.595027992416196867e+03
5.624825974812416462e+03
5.652252909604668275e+03
5.682863625785537806e+03
5.719080767599537467e+03
5.751827559300767462e+03
5.776408027728582965e+03
5.795301290812292791e+03
5.811986725664410187e+03
5.831580647190930904e+03
5.841262636001708415e+03
5.870933418827745299e+03
5.882048674848038900e+03
5.888211562075811344e+03
5.882390574218658912e+03
5.883846168183106784e+03
5.884099441600364116e+03
5.883649804189732095e+03
