5.458667139687740018e+03
5.537825315423267057e+03
5.356014558450915501e+03
5.324570457276252455e+03
5.225269390986544749e+03
5.212506703660347739e+03
nan
5.285062915145579609e+03
5.195211467977247594e+03
5.433588820440001655e+03
nan
5.450942149637386137e+03
5.245598345864912517e+03
5.370408817591280240e+03
5.207099251676186213e+03
5.483803435083277691e+03
5.230798599201545585e+03
5.204407755521714535e+03
5.286744650355944032e+03
5.275997560079655159e+03
5.305303087738984686e+03
5.248660340890287443e+03
5.369628752410540983e+03
5.453068960479944508e+03
5.420733188931753830e+03
5.385166182307999406e+03
5.442323801747300422e+03
5.549843151178292828e+03
5.344394018782609237e+03
5.711162968071365867e+03
5.337190336215755451e+03
5.443856854107303661e+03
5.658698393067439611e+03
5.465608879951564631e+03
5.332680515606491099e+03
5.394567070598284772e+03
5.615073396983138082e+03
5.787887672036986260e+03
5.330779877665508138e+03
5.510588028064326863e+03
5.817945050532334790e+03
5.779093763364609003e+03
5.390955075993430910e+03
5.798873267863366891e+03
5.311629382963051285e+03
5.666542726856027912e+03
5.761677339619755912e+03
5.510943678239582368e+03
5.333899798173871204e+03
5.629968452486572460e+03
5.812443287932434032e+03
5.771171112206728139e+03
5.514879226008810292e+03
5.463765203346204544e+03
5.680988388820160253e+03
5.569105812970577972e+03
5.466481507145401338e+03
5.678929427067187135e+03
5.666169008430077156e+03
5.671028648526696088e+03
5.532075387431519630e+03
5.882979384375195878e+03
5.321038168259454324e+03
5.821837544703049389e+03
5.479130829901525431e+03
5.639409564198015687e+03
5.673657881579070818e+03
5.442695454929556035e+03
5.427234852541037981e+03
5.612985296398533137e+03
5.777455001021276985e+03
5.593637868021502072e+03
5.724916946254796130e+03
5.727149805971083879e+03
5.695426806886360282e+03
5.526483562047193118e+03
nan
5.826271563243290075e+03
5.836446570721124772e+03
nan
nan
5.536979819705789851e+03
5.818038405631511523e+03
5.759722755725810202e+03
5.410040417480513497e+03
5.757675108620693209e+03
5.532748152336710518e+03
5.821456921909498305e+03
5.871690316497623826e+03
5.521973246070558162e+03
5.777060622537424933e+03
5.872110378977828987e+03
5.595174633709019872e+03
5.589352150870656260e+03
5.778588409525407769e+03
5.851506986815137680e+03
5.643823961901121947e+03
5.877303648580008485e+03
5.635446991572992374e+03
5.585171612329912932e+03
5.620442021920004663e+03
5.610091470635340556e+03
5.669781965517277058e+03
5.326266812754075545e+03
5.391191915727395099e+03
5.322948534828649827e+03
5.613774008354998841e+03
5.687416630486887698e+03
5.707964009108215578e+03
5.495296466117068121e+03
5.475898605333853993e+03
5.440519323187858390e+03
5.646869844262477272e+03
5.763448346411178136e+03
nan
5.881925252414642273e+03
5.712561629167847059e+03
5.770782905353425122e+03
5.850015878551054811e+03
5.423388564136247624e+03
5.484503578855613341e+03
nan
5.867190952213571109e+03
5.406212630293695838e+03
5.842889495631121463e+03
5.636312050326740064e+03
5.567925549799761029e+03
5.473081267009206385e+03
5.493542152431085015e+03
5.472165857958478227e+03
5.731758537101261936e+03
5.686244512334134924e+03
5.342228425758024969e+03
5.587178149466737523e+03
5.328332207469995410e+03
