5.458547573233388903e+03
5.538232089884446395e+03
5.354222339276660023e+03
5.313229242446551325e+03
5.219945671177082659e+03
5.210004832701269152e+03
nan
5.285535299609037793e+03
5.192190853002204676e+03
5.431902576951331866e+03
nan
5.449756008130278133e+03
5.240660009145321965e+03
5.369745377387320332e+03
5.203458335834429818e+03
5.482441406112076038e+03
5.231278187742728733e+03
5.195188042801897609e+03
5.278563370838053743e+03
5.277354654481760008e+03
5.309884217263932442e+03
5.241222857638235837e+03
5.363893759109562779e+03
5.452547821571093664e+03
5.416230222996795419e+03
5.384711719856595664e+03
5.451575989488064806e+03
5.546799914102899493e+03
5.336974549382934129e+03
5.711442190862764619e+03
5.329174512511281137e+03
5.446191204180086061e+03
5.659002806655194945e+03
5.471149756263654126e+03
5.325839248037841571e+03
5.392496285429753698e+03
5.614109505065332087e+03
5.791204816544352070e+03
5.322098694769694703e+03
5.509586484858150470e+03
5.824388501688606993e+03
5.779076105774534881e+03
5.393520925455792167e+03
5.802147336939354318e+03
5.306173932177165625e+03
5.669861915042361034e+03
5.763644909631249902e+03
5.501408477350349131e+03
5.325242484124103612e+03
5.629069337461913165e+03
5.813465257639340962e+03
5.772725764710928161e+03
5.512076184276536878e+03
5.462080379445356812e+03
5.677102553843522401e+03
5.560939394888989227e+03
5.464209950108699559e+03
5.674316976352083657e+03
5.663451196205121960e+03
5.664459003577552721e+03
5.538248533279376716e+03
5.881811366332267426e+03
5.315280069300571085e+03
5.823540516015467801e+03
5.489625092376832981e+03
5.622549189471890713e+03
5.668090604136892580e+03
5.442525401690576473e+03
5.424533148721802718e+03
5.614220562081598473e+03
5.776665421666151815e+03
5.595091219933739012e+03
5.723853885852905478e+03
5.726927770211272218e+03
5.695319544028142445e+03
5.527902148812172527e+03
nan
5.824245210361634236e+03
5.836682732522937840e+03
nan
nan
5.537240077752981051e+03
5.820854740956860041e+03
5.759437305941494742e+03
5.411796024021692574e+03
5.757324384645630744e+03
5.531548202195784143e+03
5.828046682092843184e+03
5.871987189042064529e+03
5.518824888712064421e+03
5.778415190687494032e+03
5.872406492121581323e+03
5.592176960268113362e+03
5.596804650138759825e+03
5.780205704095890724e+03
5.855259801022748434e+03
5.655576955091392847e+03
5.876502277825360579e+03
5.637835517944959065e+03
5.586668236100682407e+03
5.626166633922695837e+03
5.617235692173084317e+03
5.670222108635643053e+03
5.317401937039580844e+03
5.395905916214688659e+03
5.314787871869457376e+03
5.620064071481119754e+03
5.686125331529146024e+03
5.707359809368967035e+03
5.497932137459525620e+03
5.476704694900751747e+03
5.438987343162296384e+03
5.648205512342584370e+03
5.765893890429395469e+03
nan
5.880460933693532752e+03
5.712230916695372798e+03
5.761736788173588138e+03
5.850476165221446536e+03
5.418060433028822445e+03
5.479824853710213574e+03
nan
5.870002180638341997e+03
5.403655335493987877e+03
5.848816042191377164e+03
5.619390293382003620e+03
5.557939270958229827e+03
5.458652987534530439e+03
5.496437637753141644e+03
5.478575660979011445e+03
5.732410348666226128e+03
5.685217972685147288e+03
5.338056763515638522e+03
5.584981012176773220e+03
5.326176077387843179e+03
