5.317355879664290114e+03
5.340468910230281836e+03
5.365502014289898398e+03
5.395303993584306227e+03
5.423372421652647972e+03
5.450195103274588291e+03
5.472054363925307371e+03
5.488997272431618512e+03
5.499235273013220649e+03
5.497243669590565332e+03
5.504040265172683576e+03
5.516671573791330957e+03
5.535706057433490059e+03
5.573781844640198869e+03
5.602863866955769481e+03
5.627103751107410062e+03
5.643413598378613642e+03
5.658564750759915114e+03
5.669637128983682487e+03
5.685498564819406056e+03
5.687119576969770606e+03
5.682771070270254313e+03
5.294428525517961134e+03
5.312245517451529849e+03
5.339812503240180376e+03
5.364350125366186148e+03
5.391797331351212961e+03
5.420477662403405702e+03
5.445708353437192272e+03
5.466235180747075901e+03
5.482090656592218693e+03
5.488393844749626624e+03
5.494453971526010719e+03
5.509653607948991521e+03
5.524908287403459326e+03
5.553336111153412276e+03
5.579675012814185720e+03
5.603641358243048671e+03
5.624679715484086046e+03
5.647387929486975736e+03
5.669275195860818712e+03
5.682771309407548870e+03
5.687220487555209729e+03
5.684903325483874141e+03
5.276605320218967790e+03
5.283547539770258481e+03
5.304445776112883323e+03
5.328437574356301411e+03
5.355324791916812501e+03
5.385278275058773943e+03
5.412810504190640131e+03
5.435192922363612524e+03
5.451866206433587649e+03
5.463441758981561179e+03
5.470164495518939475e+03
5.480177246691819164e+03
5.495531088210642338e+03
5.519095364119839360e+03
5.541152097097186015e+03
5.563590146663374071e+03
5.590034814026203094e+03
5.618697773585232426e+03
5.647581732699598433e+03
5.667808771323691872e+03
5.677963773413691342e+03
5.680133441868601949e+03
5.247719984402191585e+03
5.259677361126312462e+03
5.274401089085335116e+03
5.299198152722025043e+03
5.330905747272285225e+03
5.362158030607785804e+03
5.391407728298226175e+03
5.406088236138391949e+03
5.416265845519294999e+03
5.429464265142280965e+03
5.432772922413835659e+03
5.440092844051815518e+03
5.453781943129253705e+03
5.470963804083618015e+03
5.493592144289628777e+03
5.512455801738747141e+03
5.540007390801171823e+03
5.574849794032903446e+03
5.611663731605453904e+03
5.640116932300118606e+03
5.664581013662696023e+03
5.679050387833901368e+03
5.250137162716833700e+03
5.241351345841178954e+03
5.256189024260940641e+03
5.282360591180047777e+03
5.317221732298965435e+03
5.351091059572619088e+03
5.373049801647293862e+03
5.385096372659817462e+03
5.396949763526487914e+03
5.398287949938736347e+03
5.399178997335857275e+03
5.403159740358455565e+03
5.409674930497932110e+03
5.423089715371072089e+03
5.445265625505823664e+03
5.458894456603909930e+03
5.484537144212014937e+03
5.522160204764600167e+03
5.563635589509330202e+03
5.605582837488616860e+03
5.644913826364124361e+03
5.638355977828494360e+03
5.211702835515984589e+03
5.224820892730812375e+03
5.240595786435172158e+03
5.268817433658077789e+03
5.307837100857822406e+03
5.345216188373624391e+03
5.368773104611505914e+03
5.378944392124319165e+03
5.385594505099801609e+03
5.387797564965751008e+03
5.388200653798217900e+03
5.389513880537702789e+03
5.395318878562184182e+03
5.406709887139151760e+03
5.425882938434479911e+03
5.432606864629152369e+03
5.446322046945996590e+03
5.477794479326792498e+03
5.525018556067887403e+03
5.567066854056992270e+03
5.611307186592956896e+03
5.617891250092538939e+03
5.197010251935398628e+03
5.214970901975008928e+03
5.231811426213799677e+03
5.261500847644972055e+03
5.303706977247206851e+03
5.344589594253217911e+03
5.372634451308830648e+03
5.385610242563771862e+03
5.393489188201798243e+03
5.395744607761781481e+03
5.397572326977115154e+03
5.399084984340775918e+03
5.402400788603747969e+03
5.408532129551411344e+03
5.414826652667078633e+03
5.418382864957324273e+03
5.432954455070237600e+03
5.453699589230162019e+03
5.503901766888976454e+03
5.561017206516979968e+03
5.602090948216212382e+03
5.628298598082910758e+03
5.190687355402736102e+03
5.212194429050122380e+03
5.230384868670994365e+03
5.265189681688520977e+03
5.308816002940741782e+03
5.347370102338660217e+03
5.377733176414143600e+03
5.398390362415281743e+03
5.408205322757017711e+03
5.411702395269395311e+03
5.417008612134958639e+03
5.423339754445464678e+03
5.419799098677801339e+03
5.421535930571774770e+03
5.421082342309167871e+03
5.418743491620934947e+03
5.429017834243802099e+03
5.446868831511283133e+03
5.497769578240360715e+03
5.548655427859626798e+03
5.590488746749998427e+03
5.617965545707569618e+03
5.194142596470711396e+03
5.213627051782579656e+03
5.239148397544873660e+03
5.277929275600186884e+03
5.320387959214677721e+03
5.356894972089640760e+03
5.386920705866938988e+03
5.409667337107027379e+03
5.424800231465758770e+03
5.432242900990496310e+03
5.436135789610948450e+03
5.438833967561731697e+03
5.439344548992472482e+03
5.431491397647261692e+03
5.426860501584451413e+03
5.430092035295158894e+03
5.419865876097446744e+03
5.437253537848823726e+03
5.480434864009223929e+03
5.533249940901885566e+03
5.573599499418182859e+03
5.601204941090981265e+03
5.203573235231196122e+03
5.222398996655976589e+03
5.252623897181705615e+03
5.293018379467277555e+03
5.333167686099523962e+03
5.368223015749169463e+03
5.396816844442433649e+03
5.424646309076399120e+03
5.445151106829242053e+03
5.454575335330648159e+03
5.454854804302468438e+03
5.455118449264636183e+03
5.447683724417111989e+03
5.434658172615195326e+03
5.424865340058830952e+03
5.417030358063906533e+03
5.414684673858063434e+03
5.424007594832912218e+03
5.469541622073451435e+03
5.511609174372954840e+03
5.546755436429035399e+03
5.572935106319933766e+03
5.214337909327944544e+03
5.231264784028266149e+03
5.260954841775052955e+03
5.301618316476025029e+03
5.341719811567231773e+03
5.377160494757133165e+03
5.411874648724660801e+03
5.449157573574999333e+03
5.476160450295849841e+03
5.480206256795831905e+03
5.476518404037612527e+03
5.472492923360969144e+03
5.455145928288219693e+03
5.440256742204201146e+03
5.433762633746456231e+03
5.432274016780615057e+03
5.411550958147001438e+03
5.413327663359414146e+03
5.446064993602766663e+03
5.492012869169202531e+03
5.530098879946648594e+03
5.542189230075178784e+03
5.210521066091535431e+03
5.236946436028533753e+03
5.268777262034486739e+03
5.311007452733802893e+03
5.355924467185073809e+03
5.396686179773289041e+03
5.438082065116023841e+03
5.473196747216926269e+03
5.494505181543708204e+03
5.507939406285314362e+03
5.502009399349232808e+03
5.493285333346607331e+03
5.481584234647608355e+03
5.468517141658808214e+03
5.456909246054314281e+03
5.457229804187681111e+03
5.405057260174432486e+03
5.409351618623470131e+03
5.443851733478963070e+03
5.488827810468861571e+03
5.535172948952578736e+03
5.578099816979887692e+03
5.188583246490811689e+03
5.225675564285114888e+03
5.280775152535758934e+03
5.330491512134206459e+03
5.384355823335703462e+03
5.428006697320114654e+03
5.465145400822023475e+03
5.495777738343462261e+03
5.515355315011197490e+03
5.533634698663795461e+03
5.530098416424389143e+03
5.524939316818408770e+03
5.516236016741760068e+03
5.509916002861977177e+03
5.503311655059980694e+03
5.469208871827438998e+03
5.448551499387933291e+03
5.438454391482067876e+03
5.462708934344055706e+03
5.514342982604968711e+03
5.568691974815761569e+03
5.618783832115951554e+03
5.162914101163959458e+03
5.209170206058613985e+03
5.275272408209969399e+03
5.366559830499022610e+03
5.420475730857167036e+03
5.456792034500179398e+03
5.482429657536050399e+03
5.510551446192840558e+03
5.534658141269683256e+03
5.554082685732829304e+03
5.559834438299748399e+03
5.558024498881833097e+03
5.552283944567367143e+03
5.559531891796848868e+03
5.561608533778157835e+03
5.531313062136593544e+03
5.494840970665426539e+03
5.483964680261645299e+03
5.504841141046802477e+03
5.554453285656993103e+03
5.613149729950499022e+03
5.649245421560035538e+03
5.126411209420366504e+03
5.198326402839503316e+03
5.288439980301922333e+03
5.399622539524048989e+03
5.445598017208398232e+03
5.474584305488879181e+03
5.496638602588313006e+03
5.527166447651085946e+03
5.552418043796267739e+03
5.579788769269600380e+03
5.592439952680534589e+03
5.596350503093864972e+03
5.599048620613792991e+03
5.610430892621889143e+03
5.613768427831575536e+03
5.589773918487107039e+03
5.555469343794913584e+03
5.550370519699848955e+03
5.573495451512500040e+03
5.621146209444574197e+03
5.670215583937626434e+03
5.709760949727980005e+03
5.134013105735724821e+03
5.198158592206849789e+03
5.289657982428365358e+03
5.392187186934464080e+03
5.456663851849587445e+03
5.481793033949443270e+03
5.504376400474037837e+03
5.535809950941707029e+03
5.565874736500501058e+03
5.600765818730966203e+03
5.619878612873123529e+03
5.631987654587705947e+03
5.643993132387956393e+03
5.657241480746188245e+03
5.653742674725760480e+03
5.632354649502939537e+03
5.620570992547386595e+03
5.632384401526623151e+03
5.642452820328710004e+03
5.683389405587640795e+03
5.742088146596467595e+03
5.769733325969416910e+03
5.164714437930872009e+03
5.244714047502633548e+03
5.320280367734411811e+03
5.397917548409614938e+03
5.461494289093202497e+03
5.492046323067299454e+03
5.524135143375378902e+03
5.553492937767930016e+03
5.581102259025990861e+03
5.615554476902800161e+03
5.646144422558123551e+03
5.656767445578853767e+03
5.684242957759588535e+03
5.681073792611246972e+03
5.701255180391990507e+03
5.683247961384066912e+03
5.688991622823608850e+03
5.697549577179362132e+03
5.712052112114502052e+03
5.755541731266362149e+03
5.797992922257029022e+03
5.822832177605509060e+03
5.211422087692768400e+03
5.292340634552083429e+03
5.357898837321380597e+03
5.432445979831183649e+03
5.471473415372362069e+03
5.511744216637680438e+03
5.550684396558142907e+03
5.571446230649354220e+03
5.597154037505875749e+03
5.625872984544362225e+03
5.655703671892070815e+03
5.682892874997289255e+03
5.695283444144693021e+03
5.708946139871354717e+03
5.724489687788128322e+03
5.744272509406415338e+03
5.758177499247673040e+03
5.756341521235745859e+03
5.764738800952377460e+03
5.774718187467068674e+03
5.830141217133770624e+03
5.853619170137585570e+03
5.264076353049782483e+03
5.341537597516625283e+03
5.398009085499377761e+03
5.446526839467221180e+03
5.492188596113958738e+03
5.535410150108607013e+03
5.571851829734188868e+03
5.596994175075681596e+03
5.622892027945556038e+03
5.650423373279152656e+03
5.668526646626650290e+03
5.700078973444691655e+03
5.714866096519866005e+03
5.732318881309504832e+03
5.751235433741879206e+03
5.771917600159517860e+03
5.785185117473389255e+03
5.798843805445500038e+03
5.806467532776278858e+03
5.824284335203172304e+03
5.844393933855809337e+03
5.863101913647054971e+03
5.296416170343437443e+03
5.366630304380865709e+03
5.410596059231212166e+03
5.473585441821058339e+03
5.523173530171815401e+03
5.563000337290210155e+03
5.591669289796263911e+03
5.621604301026792200e+03
5.647462696617139045e+03
5.672018983218096764e+03
5.698951809137603050e+03
5.719124090389469529e+03
5.736392911276730956e+03
5.756204293528370727e+03
5.776075956250008858e+03
5.797671930837686887e+03
5.816245024874252522e+03
5.822449732945563483e+03
5.828513951858669316e+03
5.833536075682814953e+03
5.849449608797315705e+03
5.863792761662578414e+03
5.304696888240539920e+03
5.375802193487244040e+03
5.427786759536924365e+03
5.505812386406900259e+03
5.548347605295585709e+03
5.581901717279349214e+03
5.613478831457226079e+03
5.641749472544777745e+03
5.669791741485729290e+03
5.696668897797644604e+03
5.717181128659191927e+03
5.737639065271461732e+03
5.759174225624253268e+03
5.778281525752201560e+03
5.792906017551270452e+03
5.817369518201264327e+03
5.833251194871987536e+03
5.843517568205669704e+03
5.847137544275008622e+03
5.847418540094376112e+03
5.847001560505306770e+03
5.867551100477011460e+03
5.318447197765123747e+03
5.388761330563114825e+03
5.459810333283501677e+03
5.518006884607273605e+03
5.567959999781472106e+03
5.609985649493040910e+03
5.639656565786493047e+03
5.668439797300509781e+03
5.687095578889199714e+03
5.711931195644472609e+03
5.731901263226095580e+03
5.753541874268434185e+03
5.775789017862546643e+03
5.795388207029705882e+03
5.810116429124645038e+03
5.831193654192191389e+03
5.843668008158593693e+03
5.855542434134841642e+03
5.856361669004853866e+03
5.853407409751395789e+03
5.851767253564454222e+03
5.867990473539793129e+03
5.325109542464864717e+03
5.405515537106903139e+03
5.474766429977259577e+03
5.542682592968862991e+03
5.586198234777411926e+03
5.630466557039058898e+03
5.661088046986629706e+03
5.687906030166685923e+03
5.702604100179302804e+03
5.725007916083783130e+03
5.741352732565387669e+03
5.764837066071598201e+03
5.786195016006214246e+03
5.808214815235040078e+03
5.822611661473519234e+03
5.838300214713360219e+03
5.854377585844619716e+03
5.864485371020599814e+03
5.864485962785362972e+03
5.862482995092322199e+03
5.858009343798507871e+03
5.856264378632965418e+03
5.346799355926947101e+03
5.436917321142363107e+03
5.503201084461228675e+03
5.562213173463507701e+03
5.606023352817777777e+03
5.644547476474565883e+03
5.674718022537731485e+03
5.700417971451227459e+03
5.716852429086260599e+03
5.736201988251944385e+03
5.754223679837897180e+03
5.771087147872671267e+03
5.793141415525509728e+03
5.814895313945350608e+03
5.828475875485709366e+03
5.844301413682432212e+03
5.858226131461741716e+03
5.869974621557289538e+03
5.879399929645465818e+03
5.875570772117777778e+03
5.875370567230324014e+03
5.874984398167841391e+03
5.375151182920290012e+03
5.463449950831512069e+03
5.523218411378265955e+03
5.569361271703114653e+03
5.608653860835293017e+03
5.638962745872029700e+03
5.668664569308756654e+03
5.695662453439379533e+03
5.722088329188987700e+03
5.745518811625214767e+03
5.762457147986087875e+03
5.781726095688526584e+03
5.800602761800963890e+03
5.817739668101877214e+03
5.830589621175880893e+03
5.846463799653351998e+03
5.859168791052316919e+03
5.871623005909627864e+03
5.881327230010518178e+03
5.876688254980365855e+03
5.878425862703869825e+03
5.869668130423544426e+03
5.404927972025265262e+03
5.474490815831815780e+03
5.536213707055360828e+03
5.575231943744143791e+03
5.607289940884220414e+03
5.634849065966115631e+03
5.664554427513329756e+03
5.690494845720453668e+03
5.721658979042818828e+03
5.750912819962098183e+03
5.771774039182170782e+03
5.790146683393372768e+03
5.807488375723859463e+03
5.822092731514288062e+03
5.830151120178754354e+03
5.841821398200456315e+03
5.857891159519820576e+03
5.871435595731635658e+03
5.872556068679009513e+03
5.873926285149223077e+03
5.874012085302010746e+03
5.873828677548074666e+03
5.435463365470038298e+03
5.493022994888040557e+03
5.537452695954362753e+03
5.573097061637238767e+03
5.603388390325078035e+03
5.629481941664239457e+03
5.655522026794812518e+03
5.685537149380309529e+03
5.719742066276117839e+03
5.749474329834572927e+03
5.777816019671279719e+03
5.794184734224893873e+03
5.810435152574724270e+03
5.825372143001469340e+03
5.839086123605944522e+03
5.852882409940360048e+03
5.867769001101537469e+03
5.879054102642508951e+03
5.880192982817868142e+03
5.879365060070425898e+03
5.877566239486234736e+03
5.875980415709539557e+03
5.465461895824507337e+03
5.509135545958338298e+03
5.530754292604715374e+03
5.565431694758766753e+03
5.600417656111427277e+03
5.631536276517200349e+03
5.648117763535515223e+03
5.678831734508851696e+03
5.719608323706497686e+03
5.747078704263543841e+03
5.777664305524074734e+03
5.795583000277221799e+03
5.810546107996733554e+03
5.829322908749964881e+03
5.853185943689777559e+03
5.865727729890472801e+03
5.877453068537990475e+03
5.887478157690915396e+03
5.886350277505057420e+03
5.883128253266251704e+03
5.879510769995652481e+03
5.876687239953894277e+03
