5.321359263239526626e+03
5.347081692053102415e+03
5.372244605275520371e+03
5.392690103023837764e+03
5.422709372013262509e+03
5.449512670158488618e+03
5.473258665489476698e+03
5.490101416329785025e+03
5.501198369063316022e+03
5.509740919776944793e+03
5.516565415117562225e+03
5.530243225599858306e+03
5.551751486547457716e+03
5.576635298902035174e+03
5.602349308020240642e+03
5.627985896821596725e+03
5.647068908139290215e+03
5.661189874983938353e+03
5.674373874621655887e+03
5.681628315680379274e+03
5.683379000450690910e+03
5.679729874632248539e+03
5.298084445999374111e+03
5.324823141387644682e+03
5.341554389456330682e+03
5.362380288046209898e+03
5.391795891106324234e+03
5.419741583028525383e+03
5.445608985222993397e+03
5.465015345785311183e+03
5.478485910643730676e+03
5.487390700011795161e+03
5.497287457423082742e+03
5.509852340828227170e+03
5.527962780841596214e+03
5.555491609161583256e+03
5.579536222989768248e+03
5.605961327096816603e+03
5.626586316959721444e+03
5.647339590454603240e+03
5.664395375119373966e+03
5.677726654122290711e+03
5.683108546500016018e+03
5.682351526354633279e+03
5.275181494275503610e+03
5.293236797486870273e+03
5.308891673996253303e+03
5.327363008531469859e+03
5.357267368408867696e+03
5.387447088901416464e+03
5.414025300737498583e+03
5.435655888743973264e+03
5.446732815875264350e+03
5.457853051001276981e+03
5.466556706659936026e+03
5.475856773485122176e+03
5.491027107914345834e+03
5.515498917690929375e+03
5.538524800591591884e+03
5.562218877421159050e+03
5.588340902612505488e+03
5.617949666150459052e+03
5.642007399148999866e+03
5.663244870290094696e+03
5.675748381203422468e+03
5.679510907385440987e+03
5.255069321309623774e+03
5.268342461601483592e+03
5.278966981372076589e+03
5.297325232115635117e+03
5.330194075339662959e+03
5.360552915613325240e+03
5.385699795163413000e+03
5.405097001196698329e+03
5.414153491850873252e+03
5.423086132666832782e+03
5.428927418492649849e+03
5.434312772885875347e+03
5.446363781726128764e+03
5.467693101484102044e+03
5.487108722195325754e+03
5.509415316689624888e+03
5.537733648620131135e+03
5.567912399161417852e+03
5.606075084633750521e+03
5.639198051084191320e+03
5.662658953951195144e+03
5.674548189012622061e+03
5.236556686698348130e+03
5.244995440110429627e+03
5.255541322831215439e+03
5.279593512665736853e+03
5.313436243936057508e+03
5.345822053887181028e+03
5.369404591334613542e+03
5.387199528786777591e+03
5.393263070796622742e+03
5.396082552699441294e+03
5.396594458153062988e+03
5.401061117582980842e+03
5.410672959845557671e+03
5.428807774182057983e+03
5.445724834732095587e+03
5.460365814108757149e+03
5.489958178613786913e+03
5.518128050194484786e+03
5.563430199758015988e+03
5.606268433982583701e+03
5.645994269836793137e+03
5.666834438591657090e+03
5.217802593043269553e+03
5.227679608917714177e+03
5.237606819875388283e+03
5.267807340015382579e+03
5.306568204505381800e+03
5.343151311517470276e+03
5.366880087131874461e+03
5.380839926774262494e+03
5.385751352993977889e+03
5.388588259711857972e+03
5.387770838019855546e+03
5.388326607394463281e+03
5.396772785825090978e+03
5.409080047335251038e+03
5.419039613200357053e+03
5.430046768172052907e+03
5.451083406421572363e+03
5.478424742629515094e+03
5.525048786074775307e+03
5.584432090786578556e+03
5.625585737839320245e+03
5.652013618716086967e+03
5.204758559343843444e+03
5.216197092218138096e+03
5.231112283805172410e+03
5.263984744527143448e+03
5.306691685847174995e+03
5.345306978461624567e+03
5.371638922298851867e+03
5.387622590077317000e+03
5.392449280338439166e+03
5.397817133944863599e+03
5.398641368329761463e+03
5.399378754353580007e+03
5.403977392782502648e+03
5.410830850893396928e+03
5.416985116874185223e+03
5.425089186771370805e+03
5.422781003798344500e+03
5.456086377728245679e+03
5.508726977419813011e+03
5.561509765723847522e+03
5.610423934872011159e+03
5.644052457786419836e+03
5.203521160115298699e+03
5.210812710154956221e+03
5.233305872425519738e+03
5.269029694052206651e+03
5.313317912345825789e+03
5.350966500621894738e+03
5.380915231301388303e+03
5.399456560456738771e+03
5.408349093763563360e+03
5.412543425576190202e+03
5.415690950927179983e+03
5.421729659199897469e+03
5.423260431723718284e+03
5.417718296196749179e+03
5.419671271470864667e+03
5.418864221605333114e+03
5.421374264070339450e+03
5.447413558039146665e+03
5.493048244630477711e+03
5.546153355071863189e+03
5.594330545969331070e+03
5.636880627786722471e+03
5.209019012237753486e+03
5.221674728249498912e+03
5.244583936697466015e+03
5.282485674087590269e+03
5.323161023672540068e+03
5.360327222844673088e+03
5.390489377882169720e+03
5.411729142187786238e+03
5.425578529720638471e+03
5.432057980111607321e+03
5.435246251621958436e+03
5.440093398480098585e+03
5.437587783842335739e+03
5.431297586135816346e+03
5.425550849325656600e+03
5.419107142933042269e+03
5.414939082210374181e+03
5.439779540137672484e+03
5.481638086903080875e+03
5.531346807134314986e+03
5.576000402947711336e+03
5.626444022965267322e+03
5.217064419098331200e+03
5.238139004453045345e+03
5.257411867216826067e+03
5.296543089287859402e+03
5.333556076824362208e+03
5.365592570514168074e+03
5.400137210847693495e+03
5.428290641232403686e+03
5.446588823190171752e+03
5.454812202626580074e+03
5.456280048624745177e+03
5.453172444824650483e+03
5.445251963864141544e+03
5.436591959144997418e+03
5.424943869833529789e+03
5.414872265539059299e+03
5.405429465525552587e+03
5.424520124964912611e+03
5.464202970791338885e+03
5.510641363554575037e+03
5.555828564756683591e+03
5.615305836481692495e+03
5.218769297365360217e+03
5.241878407898739169e+03
5.271112302812880444e+03
5.309333747715995742e+03
5.342556170260408180e+03
5.376738602049955261e+03
5.414346526327528409e+03
5.449981783547381383e+03
5.471031343682108854e+03
5.479121985046395821e+03
5.478037775127358145e+03
5.470859243295749366e+03
5.457791910396073035e+03
5.443937930424436672e+03
5.432390303220202441e+03
5.415086380546224063e+03
5.399633762485139414e+03
5.410480502351862015e+03
5.445378925892358893e+03
5.490841027257065434e+03
5.540408008070896358e+03
5.609781473252426622e+03
5.212759532890321680e+03
5.239453102491805112e+03
5.271431838880555006e+03
5.316476052714600883e+03
5.357394910375072868e+03
5.396193130893424495e+03
5.438482443470587896e+03
5.473906085757307665e+03
5.495650240429203222e+03
5.503212803856253231e+03
5.502290101985214278e+03
5.493882094778909959e+03
5.480336924886439192e+03
5.467297684132781797e+03
5.452686998917694837e+03
5.432823535238772820e+03
5.409846911832867590e+03
5.410927922973462955e+03
5.434535482976805724e+03
5.485601051551844648e+03
5.540486880180199478e+03
5.608742882228351846e+03
5.196190321999813932e+03
5.222453133021740541e+03
5.271286540509250699e+03
5.331212538570635843e+03
5.386173517455375077e+03
5.430372006849526770e+03
5.465976267146567807e+03
5.500751811829668441e+03
5.520352920325995910e+03
5.528894805714664471e+03
5.530894209894635424e+03
5.523793880528765840e+03
5.513627139315010027e+03
5.507657125380349498e+03
5.497841644243715564e+03
5.471285277214574307e+03
5.447022609048529375e+03
5.437007705575595537e+03
5.457875229485276577e+03
5.506908985640910032e+03
5.562231850663907608e+03
5.615036567226038642e+03
5.164043378730585573e+03
5.218521290433483045e+03
5.287659404309179081e+03
5.354478354945710635e+03
5.418483941489026620e+03
5.458147918626688806e+03
5.487168374143912843e+03
5.516580424917542587e+03
5.541198139066859767e+03
5.555379407179369082e+03
5.557049683884686601e+03
5.556845582591666243e+03
5.557530399108367419e+03
5.560238022658433692e+03
5.554630396358564212e+03
5.526329336519840581e+03
5.496653738996068569e+03
5.484035577802994339e+03
5.503542552441323096e+03
5.553725438225824291e+03
5.610555220174027454e+03
5.662224506890755947e+03
5.141072303041420128e+03
5.211864464324355140e+03
5.305555426897584766e+03
5.382692798302111441e+03
5.437128793703003794e+03
5.472390005892497356e+03
5.495907254694368021e+03
5.525666302307544356e+03
5.554109790418559896e+03
5.577898086940615940e+03
5.590089374660340582e+03
5.596534711759300080e+03
5.608175847099952989e+03
5.614863796627894772e+03
5.612231501804227264e+03
5.587603248102715952e+03
5.557792759914306771e+03
5.550705158834976828e+03
5.568796022589361201e+03
5.617810316708892060e+03
5.667429182086586479e+03
5.716177355209126290e+03
5.141306855710781747e+03
5.221506727320039317e+03
5.325566048522809069e+03
5.397809749559138254e+03
5.445017017636741002e+03
5.477003044143321858e+03
5.500571241186149564e+03
5.531738620215856827e+03
5.568152008106696485e+03
5.596463440680727217e+03
5.618654311088930626e+03
5.637058224945980328e+03
5.647475826472346853e+03
5.657069014574914945e+03
5.653925219143857248e+03
5.640020128728484451e+03
5.625628356655831340e+03
5.624288236418086854e+03
5.652371583338405799e+03
5.689579446141881817e+03
5.732436756583901115e+03
5.774509488986692304e+03
5.175025281536313742e+03
5.259872788014833532e+03
5.351469816765607902e+03
5.416703701496830035e+03
5.454104310970287770e+03
5.483354394579923792e+03
5.515237377478177223e+03
5.548267045828614755e+03
5.583099587645960128e+03
5.616612763336231183e+03
5.639109433967438235e+03
5.662287686801339078e+03
5.672311704447904049e+03
5.688643498966718653e+03
5.695969133135766242e+03
5.689283208763331459e+03
5.688604668264294560e+03
5.698126325634433670e+03
5.719568156089637341e+03
5.752137130024065300e+03
5.788309581694388726e+03
5.823377846413105544e+03
5.220528328739489552e+03
5.302706285708475662e+03
5.379162741260515759e+03
5.432602391495664051e+03
5.469688291854113231e+03
5.502005755958836744e+03
5.540757157167166042e+03
5.572868695797035798e+03
5.600983721275582866e+03
5.634500918656643080e+03
5.657222041635171081e+03
5.680312005827599023e+03
5.695658112814441665e+03
5.713520165440039818e+03
5.729064382989227852e+03
5.737446604979747462e+03
5.748103822270593810e+03
5.755911748359021658e+03
5.772392278685784731e+03
5.797000060841790400e+03
5.826438948130016797e+03
5.854086834342209841e+03
5.262843432343107452e+03
5.340933788920264305e+03
5.404001035754826262e+03
5.450468349650664095e+03
5.484347872866715079e+03
5.528546034530973884e+03
5.569673056426153380e+03
5.597587654460757221e+03
5.623125294847260193e+03
5.649363286708593478e+03
5.675546733323290027e+03
5.701705032731439132e+03
5.713797276496970881e+03
5.733319898720855235e+03
5.754503247701058172e+03
5.775147183819908605e+03
5.789557723937753508e+03
5.800763987583914059e+03
5.808159656373467442e+03
5.824293208316822529e+03
5.847647814633319285e+03
5.869472622237103678e+03
5.294089547760016103e+03
5.367879291949116123e+03
5.429771164091173887e+03
5.466554895661537557e+03
5.516188598032194932e+03
5.560473207165529857e+03
5.592885252928927912e+03
5.619972724760848905e+03
5.646986987528244754e+03
5.673200273266966178e+03
5.697748142042489235e+03
5.720209371696166272e+03
5.736021740914451584e+03
5.756787756639055260e+03
5.780042803947135326e+03
5.798558731566985443e+03
5.813738158808760090e+03
5.827459265730808511e+03
5.832089211912832070e+03
5.841539748417400006e+03
5.852859552132767931e+03
5.870143198771335847e+03
5.315105136193347789e+03
5.392804400394875302e+03
5.429594679277803152e+03
5.497807738926157072e+03
5.548731303489640595e+03
5.586687056242977633e+03
5.617823050976951890e+03
5.642985563789872685e+03
5.668986750834937084e+03
5.694314924933272778e+03
5.717947741998475976e+03
5.737370674596751087e+03
5.759046304843875077e+03
5.776809443606687637e+03
5.797839212489564488e+03
5.818427087414284870e+03
5.832388561775587732e+03
5.843015054107823744e+03
5.847223033421913897e+03
5.847462730917065528e+03
5.855440129422730024e+03
5.865387641305664147e+03
5.321076121118929223e+03
5.403970615345654551e+03
5.453222194636623499e+03
5.523215483543994196e+03
5.576627881573895138e+03
5.610457061942190194e+03
5.640765090928043719e+03
5.666325634880084181e+03
5.689597420489279102e+03
5.710036556538724653e+03
5.732073212145664002e+03
5.751804838941808157e+03
5.776866170671273721e+03
5.793618736400228954e+03
5.812444475235337450e+03
5.831853253532553026e+03
5.846270827977553381e+03
5.856799195334564502e+03
5.860386169778083058e+03
5.859524358320223655e+03
5.857606876587340594e+03
5.857732888355846626e+03
5.331994553968728724e+03
5.410778060914304660e+03
5.481102817603818949e+03
5.540464268025005367e+03
5.592716993857236048e+03
5.629557979053050076e+03
5.660134031541175318e+03
5.685058296107558817e+03
5.705680811721002101e+03
5.724699517932067465e+03
5.744662691831834309e+03
5.762083581113344735e+03
5.785704602622066886e+03
5.807205263877507605e+03
5.824001636840168430e+03
5.840205689340725257e+03
5.853190216344895816e+03
5.865493606507231561e+03
5.872733843030167918e+03
5.872067601554999783e+03
5.862102349797558418e+03
5.861530951242571064e+03
5.347270496315017226e+03
5.433681012021477727e+03
5.501082937036612748e+03
5.560204186163648956e+03
5.606338789199809980e+03
5.638904659124983482e+03
5.670902184982964172e+03
5.696705090462250155e+03
5.717486637828674247e+03
5.736014395657637579e+03
5.755754884011204922e+03
5.772834348510165910e+03
5.792371031371114441e+03
5.812257064963308039e+03
5.829369432979759040e+03
5.842740926387748004e+03
5.856260655149066224e+03
5.867435761113199987e+03
5.876487559725327628e+03
5.871411388501033798e+03
5.869373324742986370e+03
5.864833785018798153e+03
5.372901926771306535e+03
5.458792324959619691e+03
5.521070081385020785e+03
5.571274207926443523e+03
5.611929783211099675e+03
5.641859594135119551e+03
5.670773595130645845e+03
5.698169062313712857e+03
5.722841336230785600e+03
5.745661071103436370e+03
5.764048383629682576e+03
5.781672073387231649e+03
5.800062196477783800e+03
5.816517728819460899e+03
5.831515516559812568e+03
5.843726858157907373e+03
5.856333610303486239e+03
5.869038435790333097e+03
5.876939048976068079e+03
5.875810359454011632e+03
5.875133708201725312e+03
5.875600640296158417e+03
5.411507205796815470e+03
5.477116461555870046e+03
5.531867045347094063e+03
5.576071785122703659e+03
5.607466052151617987e+03
5.636855786688120133e+03
5.663462467732192636e+03
5.694552877200434523e+03
5.722390233137016367e+03
5.751577742356112140e+03
5.771905093871686404e+03
5.789674651322461614e+03
5.805402195828150980e+03
5.818907542289403864e+03
5.832560440861479947e+03
5.847211478325787539e+03
5.860293886935995033e+03
5.870625431330158790e+03
5.879084548609862395e+03
5.880834595346107562e+03
5.879382272942891177e+03
5.875957084933113038e+03
5.441286233866799193e+03
5.494680143426423456e+03
5.541447099280771909e+03
5.580953738540350969e+03
5.601663727076333998e+03
5.631402805141352474e+03
5.657414233707614585e+03
5.689321885923502123e+03
5.720518909442574113e+03
5.753006540299170410e+03
5.776409541923847428e+03
5.793201782822918176e+03
5.806104200538930854e+03
5.823785405367710155e+03
5.837749286792945895e+03
5.855195160022384698e+03
5.867637840553035858e+03
5.876542981035784578e+03
5.881274539159025153e+03
5.881666292986850749e+03
5.879132732680273875e+03
5.875945823093889885e+03
5.469318808993419225e+03
5.507751651698366004e+03
5.546450709684114372e+03
5.580314746966545499e+03
5.587044324447018880e+03
5.612455873813596554e+03
5.634182175143136192e+03
5.663448556260901569e+03
5.704489177503138308e+03
5.737835086373371269e+03
5.766395887815524475e+03
5.794912788839767018e+03
5.815385734161804066e+03
5.828867936024820665e+03
5.848800325610960499e+03
5.864940554335399611e+03
5.877556180348230555e+03
5.883852541569875939e+03
5.885950811843934389e+03
5.884920211392264719e+03
5.881742342741757966e+03
5.878080451890078621e+03
